	442	438	446	426	434	430
NM_177547_1_+_1	3.323	4.086	2.384	5.229	4.749	6.114
NM_133220_1_+_1	6.483	6.615	6.452	5.881	5.722	5.175
NR_024067_1_-_1	4.423	4.688	4.821	3.642	3.571	3.433
NM_008563_1_-_1	6.308	6.119	6.268	5.6	5.122	5.061
NR_002858_1_-_1	5.154	5.099	5.358	-4.912	-4.912	-4.912
NM_026604_1_-_1	3.094	3.451	2.671	3.8	4.095	4.69
NM_009918_1_+_1	2.383	2.512	1.677	-3.65	-2.205	-4.912
NM_001282010_1_+_1	-1.495	-1.334	-1.71	-4.527	-3.975	-4.912
NM_173870_1_-_1	4.738	4.971	4.921	3.955	4.479	4.255
NM_145142_1_-_1	3.776	4.206	3.844	5.779	5.64	5.939
NM_010555_1_+_1	5.05	5.304	5.624	7.031	6.829	7.047
NM_010879_1_+_1	5.208	4.937	4.967	3.747	4.358	4.268
NM_001081050_1_+_1	2.37	3.231	3.057	1.605	1.332	1.355
NM_011780_1_+_1	7.54	7.281	7.115	7.956	7.821	8.296
NM_029409_1_+_1	7.19	7.058	7.06	6.419	6.545	6.398
NM_001003948_1_-_1	6.19	6.233	5.914	4.91	4.921	5.078
NM_001081746_1_+_1	1.924	2.346	1.66	3.185	3.607	4.329
NM_175219_1_-_1	1.052	1.873	0.841	3.014	3.286	3.879
NM_201410_1_+_1	-4.912	-4.912	-4.912	3.762	2.711	2.387
NM_198652_1_-_1	3.597	3.292	3.528	1.913	2.767	1.237
NR_040291_1_-_1	5.201	4.744	5.166	3.156	3.267	3.631
NM_177305_1_-_1	6.504	6.599	6.649	5.757	5.854	6.166
NM_021537_1_-_1	5.27	5.498	5.39	4.715	4.783	4.371
NM_199366_1_+_1	1.794	1.673	2.02	-1.797	0.205	-1.441
NM_133825_1_-_1	6.515	6.239	6.272	5.88	6.073	5.661
NM_027677_1_+_1	-4.912	-4.912	-4.912	-0.271	0.577	-1.113
NM_145100_1_-_1	-4.912	-4.912	-4.912	5.088	5.397	5.003
NM_008575_1_-_1	1.309	1.774	1.8	-4.899	-4.712	-4.575
NM_213616_1_-_1	-1.428	-0.998	-1.584	2.754	2.805	1.535
NM_026024_1_+_1	4.353	4.477	4.974	2.112	2.572	1.179
NM_007791_1_+_1	5.725	5.64	5.368	4.124	3.6	3.815
NM_011267_1_+_1	-2.606	-4.912	-0.805	3.201	3.55	3.443
NM_130456_1_+_1	-4.912	-4.912	-4.912	0.796	0.632	0.369
NM_010177_1_-_1	-2.874	-2.786	-2.686	4.089	3.559	1.861
NM_025505_1_-_1	0.435	2.419	2.59	-0.003	-4.85	0.233
NM_025569_1_-_1	2.863	3.375	3.791	6.032	6.912	4.453
NM_001029984_1_-_1	-0.415	-1.167	-0.805	-2.51	-4.912	-4.912
NM_001081275_1_+_1	1.459	2.663	1.867	0.421	-1.679	1.143
NM_010185_1_-_1	10.214	10.31	10.411	9.679	9.775	9.957
NM_013919_1_-_1	5.128	4.857	4.715	5.72	5.49	5.47
NM_172647_1_+_1	3.506	4.195	3.078	4.484	4.346	4.203
NM_010584_1_-_1	-4.912	-4.912	-4.912	3.927	3.903	4.169
NM_018729_1_+_1	7.967	7.834	7.677	6.869	7.004	7.146
NM_144539_1_-_1	8.718	8.816	8.841	7.866	8.135	8.22
NM_011063_1_-_1	6.054	5.977	5.997	7.079	6.897	6.949
NM_080419_1_+_1	3.824	3.638	3.741	5.455	5.464	5.234
NM_029084_1_-_1	7.535	7.384	7.589	6.433	6.601	6.446
NM_053199_1_-_1	4.839	4.47	4.926	3.137	3.078	2.913
NM_001013779_1_+_1	6.192	6.117	6.105	5.395	5.208	5.872
NM_001024721_1_-_1	-1.2	-1.089	-0.951	0.817	1.158	-0.091
NM_001177349_1_-_1	1.662	2.448	2.731	-4.476	-4.475	-4.912
NM_001177350_1_-_1	4.888	5.515	5.234	-2.623	-3.359	-4.912
NM_175026_1_+_1	7.466	7.556	6.953	6.133	5.937	6.06
NM_001162938_1_+_1	1.226	1.986	2.866	0.421	0.396	-0.594
NM_001204910_1_-_1	5.609	5.806	5.637	3.497	4.265	3.258
NM_008329_1_-_1	2.928	4.176	3.262	4.604	4.335	4.688
NM_001170853_1_-_1	7.097	7.218	6.923	7.744	7.713	7.998
NM_008327_1_-_1	-4.912	-4.912	-4.912	0.398	2.148	0.896
NM_172648_1_-_1	-2.204	1.296	3.016	6.253	6.007	6.676
NM_146717_1_+_1	0.822	2.354	1.057	5.079	5.3	5.345
NM_146716_1_+_1	-4.912	-4.912	-4.912	-1.471	0.343	0.247
NM_011465_1_+_1	-0.162	1.818	-0.531	3.608	4.422	1.88
NR_037996_1_-_1	3.842	4.72	5.104	5.223	5.45	5.422
NM_012058_1_+_1	7.481	7.572	7.693	6.278	6.253	6.459
NM_146106_1_-_1	1.118	-2.442	-4.912	4.344	4.103	3.823
NM_026796_1_-_1	3.652	3.682	4.365	4.904	4.84	4.916
NM_198654_1_+_1	3.789	3.827	3.407	3.22	2.699	2.902
NM_178632_1_+_1	4.453	4.116	4.566	3.622	3.416	4.015
NM_010892_1_+_1	3.832	3.535	3.229	2.451	1.781	2.072
NM_007758_1_-_1	2.192	2.159	2.065	5.223	4.995	5.013
NM_025343_10_-_1	4.983	5.137	5.114	1.978	2.155	2.973
NM_177387_10_-_1	2.636	1.881	2.427	0.068	0.928	-1.268
NM_175155_10_-_1	5.207	5.405	5.392	6.043	6.352	6.501
NM_026405_10_-_1	6.399	6.644	6.354	6.111	6.216	5.909
NR_033630_10_+_1	-4.912	-4.912	-4.912	-1.731	-1.973	-0.013
NM_008635_10_+_1	3.01	3.827	3.201	-1.121	-2.811	-1.408
NM_001198635_10_+_1	1.31	2.067	1.476	-2.797	-3.604	-2.7
NR_028580_10_+_1	2.21	1.686	2.158	-4.912	-1.51	-4.912
NM_011979_10_+_1	1.197	1.378	0.803	-4.912	-4.912	-4.912
NM_172508_10_-_1	3.566	3.823	3.184	2.748	2.852	2.198
NM_009846_10_+_1	5.746	6.138	5.834	8.022	8.562	6.863
NM_001163833_10_+_1	1.881	2.808	1.994	3.741	3.413	3.42
NM_201242_10_+_1	6.715	6.57	7.009	7.237	7.398	7.323
NM_175329_10_+_1	1.118	2.184	2.759	5.211	5.423	4.178
NM_001243067_dup1_10_+_2	3.629	3.102	3.378	-1.437	-4.912	-4.91
NM_001135567_10_-_1	3.955	4.824	4.368	2.007	2.619	3.553
NR_037190_10_+_1	3.803	3.662	4.005	1.432	2.639	2.886
NM_029166_10_+_1	5.864	5.858	5.691	5.342	5.25	5.46
NM_010401_10_+_1	-4.912	-4.912	-4.912	1.5	1.922	1.728
NM_027908_10_-_1	0.133	-0.118	0.884	4.295	4.434	4.676
NM_175488_10_+_1	-1.228	-4.912	-0.508	0.704	1.455	2.136
NR_027478_10_-_1	-2.476	-4.912	-1.855	0.287	-0.654	0.23
NM_001110013_10_-_1	1.514	1.135	1.595	2.685	3.271	2.603
NM_146009_10_+_1	4.601	4.78	4.54	5.483	5.475	5.655
NM_054056_10_+_1	-4.912	-4.912	-1.51	0.068	0.707	-0.594
NM_010441_10_-_1	-2.492	-1.7	-4.912	-0.236	-0.122	0.197
NM_029057_10_-_1	2.732	2.823	2.427	5.108	5.445	5.361
NM_019786_10_-_1	5.795	5.676	5.319	6.166	6.289	6.21
NM_001159559_10_-_1	2.755	3.145	3.292	4.025	4.474	4.15
NM_008382_10_-_1	-4.912	-4.912	-4.912	-3.136	-1.918	-0.517
NM_178149_11_+_1	5.364	5.253	5.289	4.725	4.275	4.384
NM_001037928_11_+_1	-4.912	-4.912	-4.912	1.535	1.382	1.503
NM_011663_11_+_1	3.028	2.519	1.867	5.085	4.917	5.091
NR_102382_11_+_1	3.674	3.03	2.934	-4.912	-1.9	-0.104
NM_026465_11_-_1	5.809	6.05	5.804	6.257	6.502	6.51
NM_133767_11_+_1	4.889	4.799	5.049	3.73	4.119	3.78
NM_025745_11_-_1	3.31	4.446	3.522	4.725	4.865	4.926
NM_008218_11_+_1	7.153	8.983	8.33	12.096	12.934	11.814
NM_001083955_11_+_1	6.696	8.273	7.706	11.291	11.884	10.979
NM_001033981_11_+_1	-0.559	1.241	-1.732	2.799	4.088	1.338
NM_010696_11_+_1	8.121	7.842	7.658	5.935	6.216	6.114
NM_013917_11_-_1	4.224	4.047	4.049	2.56	1.904	2.866
NM_001131054_11_-_1	7.255	7.366	7.499	6.273	6.801	6.603
NM_001080969_11_-_1	2.822	1.783	2.384	4.163	4.399	4.268
NM_134250_11_+_1	7.148	7.137	7.159	7.824	7.947	7.977
NM_178759_11_+_1	1.459	1.783	1.699	0.738	1.064	-0.78
NM_011579_11_-_1	4.547	5.416	5.183	4.107	3.123	4.497
NM_001145164_11_-_1	7.054	7.215	6.814	6.463	6.273	6.54
NM_009331_11_-_1	5.369	4.912	4.612	4.311	4.124	3.933
NM_009242_11_-_1	-2.366	-4.912	-2.305	2.491	-0.762	3.462
NM_001135115_11_+_1	4.114	4.355	3.564	2.763	2.671	3.359
NM_019440_11_+_1	3.853	4.364	3.127	2.918	2.92	2.8
NM_206882_11_-_1	0.229	0.246	0.488	-3.504	-4.912	-4.912
NM_001290988_11_+_1	0.436	0.781	0.996	-4.856	-4.467	-4.046
NR_037964_11_-_1	1.785	2.013	1.745	-3.359	-2.535	-4.912
NM_026035_11_+_1	4.513	4.76	5.178	-2.057	-4.912	-4.912
NR_126101_11_+_1	-1.152	-0.633	0.042	2.253	2.784	1.955
NR_073164_11_-_1	1.666	-0.868	1.218	-4.912	-4.912	-4.912
NM_027817_11_+_1	7.153	6.934	6.931	6.68	6.337	6.319
NM_001281818_11_+_1	5.395	5.539	5.446	3.808	4.388	4.352
NR_002875_11_+_1	9.08	8.454	8.876	10.214	10.066	10.038
NM_011664_11_+_1	12.789	12.191	12.454	11.016	10.831	10.684
NM_011496_11_+_1	5.214	5.275	5.17	4.634	4.747	4.25
NM_001081330_11_-_1	3.203	2.792	3.078	4.073	4.239	4.343
NM_009204_11_-_1	-4.912	-0.4	-4.912	0.23	0.305	-1.268
NM_173742_11_-_1	7.924	8.116	8.108	8.522	8.598	8.721
NM_001136062_11_+_1	6.099	6.516	6.772	7.783	7.518	7.546
NM_007933_11_+_1	7.077	6.512	6.6	7.985	7.955	7.778
NM_001040696_11_-_1	4.253	4.156	4.293	-4.912	-4.772	1.379
NM_001162414_11_-_1	0.276	-0.432	-0.674	1.686	3.053	1.749
NR_027858_11_-_1	2.709	3.186	2.294	-4.912	-4.912	-4.912
NM_001037713_11_+_1	6.768	6.83	6.704	5.825	5.657	6.201
NM_027249_11_+_1	3.3	3.231	3.657	5.04	4.244	4.967
NM_177390_11_-_1	-4.912	-4.912	-4.912	1.378	0.632	-0.039
NM_183201_11_+_1	6.138	6.234	5.777	4.94	5.186	5.76
NM_001167743_11_-_1	4.389	4.253	4.523	3.42	3.472	3.043
NM_011408_11_+_1	8.273	8.407	8.125	7.753	7.587	7.749
NM_172449_11_+_1	2.312	2.774	2.556	0.614	0.632	1.203
NR_131025_11_+_1	-0.162	-2.442	-0.377	-3.504	-4.912	-4.912
NR_003564_11_-_1	-4.912	-4.912	-4.912	1.771	3.413	1.456
NM_009546_11_+_1	5.577	5.661	5.736	5.044	4.66	4.901
NM_019877_11_+_1	1.297	0.386	2.194	4.295	3.862	3.384
NM_030150_11_-_1	5.93	6.071	5.688	5.081	5.085	5.497
NM_008949_11_-_1	4.2	4.825	4.581	5.248	5.381	5.538
NM_011403_11_-_1	0.387	3.375	1.193	5.244	5.963	4.162
NM_001110778_11_+_1	5.845	5.799	5.853	4.564	3.835	5.211
NM_152813_11_-_1	-1.346	1.335	-0.805	-4.912	-4.912	-4.912
NR_045346_11_+_1	1.16	1.653	1.785	3.27	2.926	3.544
NM_029345_11_+_1	-1.346	0.081	-0.058	1.927	2.19	2.702
NM_011943_11_+_1	4.912	4.394	4.457	5.33	5.402	5.41
NR_015556_11_-_1	3.256	3.019	3.92	-4.912	-4.912	-4.912
NM_030206_11_-_1	2.403	2.808	2.556	7.427	7.096	7.435
NM_001163318_11_+_1	0.98	0.887	-0.212	3.757	4.206	3.86
NR_027821_11_+_1	1.547	2.426	1.928	3.499	3.402	3.342
NM_009180_11_-_1	-2.065	1.881	-1.51	7.428	7.249	7.394
NR_003364_11_+_1	-4.912	-4.912	-4.912	9.105	9.21	9.167
NM_011371_11_-_1	-4.912	-4.912	-4.912	3.94	3.55	4.14
NM_026280_11_-_1	-4.912	-0.751	-1.51	3.535	3.258	4.017
NM_028865_11_+_1	6.878	6.992	7.007	5.597	5.376	5.82
NM_001113486_11_+_1	3.302	3.108	3.696	-1.669	-0.482	0.327
NM_029964_11_+_1	1.256	1.575	1.546	2.775	3.514	2.783
NM_011150_11_-_1	6.22	6.185	5.805	5.342	5.043	5.221
NM_172443_11_-_1	3.794	4.15	3.961	4.502	4.766	5.191
NM_008640_12_+_1	7.393	7.424	7.484	7.979	7.797	7.801
NM_001130412_12_-_1	3.322	1.934	2.389	-4.671	-4.037	-3.258
NM_016677_12_+_1	5.664	5.867	5.856	5.186	5.128	4.851
NM_001004364_12_+_1	3.141	2.986	3.282	0.663	0.068	0.322
NR_028341_12_+_1	0.666	2.224	2.812	3.523	4.365	4.673
NM_020614_12_+_1	4.755	5.241	4.95	4.53	4.266	4.158
NM_020557_12_+_1	3.318	2.969	3.229	2.591	2.155	0.824
NM_021524_12_+_1	6.479	6.433	6.376	5.349	5.864	5.418
NR_045032_12_+_1	5.717	5.299	5.286	4.417	3.949	4.155
NM_013464_12_-_1	5.942	6.159	6.718	6.613	7.109	7.178
NM_011899_12_+_1	5.531	5.282	5.82	4.185	4.252	4.16
NM_001100116_12_+_1	5.881	5.971	6.015	4.54	5.117	4.909
NM_028527_12_+_1	5.881	5.971	6.015	4.54	5.117	4.909
NM_001100109_12_+_1	6.337	6.498	6.186	5.967	5.723	6.005
NR_044985_12_+_1	1.914	2.004	2.354	0.104	0.43	1.189
NM_183186_12_-_1	6.14	6.195	6.247	5.49	5.321	5.444
NM_029803_12_-_1	8.488	8.784	8.392	7.105	7.171	7.491
NM_194067_12_+_1	6.48	6.888	6.698	5.008	5.549	6.062
NR_002861_12_+_1	-4.912	-4.912	-4.912	2.125	2.926	2.702
NM_172953_12_+_1	-4.912	-4.912	-4.912	2.199	3.026	1.772
NM_001168295_12_+_1	-1.247	-4.911	0.595	2.937	2.691	3.107
NM_001168294_12_+_1	-4.886	1.386	-1.752	-4.912	-4.912	-4.909
NR_033450_12_+_1	-4.912	-4.912	-4.912	-1.717	-1.313	-0.13
NM_028419_12_+_1	6.631	6.847	7.098	7.574	8.03	7.293
NR_027652_12_+_1	-4.912	-4.912	-4.912	0.206	0.066	-0.678
NM_021273_12_-_1	8.67	8.486	8.409	4.538	4.364	4.384
NM_175930_12_+_1	-2.606	-0.4	-0.212	1.535	1.431	2.348
NM_018859_13_-_1	4.252	3.898	4.994	1.771	0.707	2.29
NM_019703_13_-_1	4.571	4.749	4.355	4.179	3.835	3.504
NM_027000_13_-_1	7.407	7.066	7.054	6.744	6.772	6.759
NM_001195421_13_+_1	3.356	3.558	3.712	-0.666	1.342	1.284
NM_175657_13_+_1	-4.912	-4.912	-4.851	2.435	1.868	0.766
NM_001111107_13_-_1	1.65	2.542	3.644	-4.836	-4.608	-2.768
NM_178187_13_-_1	4.97	5.083	5.741	3.285	3.478	3.021
NM_178188_13_+_1	1.968	2.19	2.044	3.13	3.175	2.852
NM_175654_13_+_1	5.563	5.809	6.026	1.844	2.197	2.416
NM_001290530_13_-_1	0.754	-0.298	1.452	-4.126	-0.84	-4.912
NM_023422_13_+_1	5.877	6.223	6.49	5.335	5.284	4.943
NM_178208_13_-_1	3.749	3.643	3.776	2.595	2.903	2.146
NM_175653_13_-_1	0.075	1.443	0.959	-2.369	-1.54	-1.106
NM_178193_13_+_1	1.399	1.992	2.046	-0.523	-0.769	-0.336
NM_026825_13_-_1	4.682	4.455	4.525	3.381	4.184	4.14
NM_001111110_13_+_1	-4.356	-3.616	-3.751	3.049	2.513	4.553
NM_001284519_13_+_1	-4.697	-4.085	-4.159	-2.024	-2.309	-0.384
NM_007717_13_+_1	-2.908	1.178	-1.687	5.155	5.515	4.76
NM_178658_13_+_1	3.928	3.94	4.081	4.714	4.822	5.022
NM_025790_13_-_1	5.896	6.183	6.174	5.141	5.173	5.198
NM_177322_13_+_1	-4.912	-4.912	-4.912	1.333	0.786	-0.444
NM_025429_13_-_1	4.2	3.76	4.349	6.286	6.233	5.529
NM_025387_13_+_1	8.14	8.214	8.286	2.55	3.753	3.433
NM_016785_13_-_1	2.001	2.227	1.509	4.187	3.434	4.079
NM_011817_13_+_1	7.856	7.659	7.932	8.956	8.486	8.67
NM_001198977_13_+_1	6.557	6.516	6.384	7.422	7.521	7.397
NM_178605_13_-_1	6.765	6.874	7.071	7.762	7.525	7.651
NM_026921_13_-_1	5.57	5.753	5.922	6.429	6.779	6.083
NM_029653_13_+_1	1.828	1.41	1.148	3.214	3.278	3.274
NM_175494_13_-_1	3.989	3.624	3.991	2.732	2.493	2.947
NM_183146_13_-_1	3.458	3.304	3.191	4.995	4.925	5.395
NM_053108_13_+_1	7.794	7.69	7.625	7.351	7.364	7.284
NM_001081352_13_+_1	3.043	3.186	3.009	5.155	4.826	4.857
NR_028109_13_+_1	2.477	1.924	0.697	-4.912	-4.912	-4.912
NM_008634_13_-_1	-4.912	-4.912	-2.066	0.48	0.928	0.267
NM_010870_13_-_1	4.962	4.671	4.655	3.901	4.326	4.363
NM_029898_13_+_1	3.159	3.622	3.799	0.942	-0.118	-0.09
NM_010560_13_+_1	6.357	6.371	6.275	5.715	5.738	5.934
NM_001308506_13_-_1	4.114	4.043	3.813	4.611	4.569	4.941
NM_001177715_14_+_1	-4.912	-4.912	-4.912	1.871	2.526	3.024
NR_033388_14_+_1	-2.065	-4.912	-0.506	0.983	1.399	1.891
NM_001309398_14_+_1	-4.912	-4.912	-4.912	0.023	1.077	0.737
NM_001242945_14_+_1	-4.912	-4.912	-4.912	-0.386	-1.085	-1.736
NM_175393_14_+_1	-4.912	-1.167	-4.912	-0.091	-0.615	1.155
NM_001242941_dup1_14_+_2	-4.912	-4.912	-4.912	-2.224	-1.229	-0.841
NM_001256885_dup1_14_+_2	-4.912	-4.912	-4.912	-2.224	-1.229	-0.841
NM_001256886_dup1_14_-_2	-4.912	-4.912	-4.912	0.977	-3.413	1.707
NM_001270812_14_-_1	-4.912	-4.912	-4.912	3.266	3.323	3.363
NM_001309401_14_-_1	-4.912	-1.821	-4.912	2.327	1.766	1.859
NM_001164727_14_-_1	-4.912	-4.897	-4.912	0.097	-0.317	-1.832
NM_001270842_14_-_1	-4.912	-4.912	-4.912	1.04	1.089	1.853
NM_007870_14_-_1	8.484	8.44	8.576	9.221	9.296	9.242
NM_145458_14_+_1	5.562	5.612	5.275	5.083	4.851	4.599
NM_146050_14_-_1	0.527	-0.009	1.912	4.317	4.538	3.568
NM_001206684_14_-_1	3.105	4.267	4.606	5.46	5.533	6.199
NR_073362_14_-_1	-4.912	-4.912	-4.912	0.707	1.456	1.12
NR_105055_14_-_1	-4.912	-4.912	-4.912	0.772	1.2	2.118
NM_007894_14_-_1	-4.912	-4.912	-4.912	0.921	1.371	1.85
NM_007895_14_+_1	7.665	7.753	7.629	5.246	5.787	5.977
NR_002875_14_+_1	8.908	8.192	8.69	11.325	11.203	11.291
NM_008102_14_-_1	6.093	6.647	6.512	7.333	7.337	7.235
NM_013632_14_+_1	6.985	7.035	7.196	6.624	6.671	6.449
NM_001123371_14_+_1	2.957	2.972	3.032	-1.139	-1.487	-1.696
NM_030098_14_+_1	8.457	8.732	8.586	9.095	9.123	9.346
NM_134076_14_+_1	5.087	4.8	4.581	6.038	5.769	5.852
NM_145462_14_-_1	5.515	5.387	5.567	5.072	4.733	4.716
NM_011186_14_-_1	8.065	8.145	8.397	7.443	7.554	7.673
NM_001159418_14_+_1	6.269	6.425	5.587	5.182	5.45	5.19
NR_002889_14_-_1	-4.912	-2.143	-1.764	2.876	3.283	2.872
NM_001164327_14_-_1	8.048	7.969	8.119	7.376	7.436	7.683
NM_199015_14_-_1	6.062	6.252	6.045	5.03	5.137	5.375
NM_001164289_14_-_1	6.239	6.136	6.059	4.849	4.904	5.11
NM_001034910_14_+_1	2.469	2.896	3.319	4.231	4.32	4.531
NM_007549_14_-_1	3.723	3.801	4.265	5.647	5.152	5.082
NM_007940_14_-_1	1.815	1.241	0.865	2.309	3.45	2.737
NM_009955_14_-_1	4.581	4.871	5.005	4.19	3.822	3.64
NM_021475_14_-_1	3.366	2.792	3.486	6.189	6.606	6.141
NM_026331_14_-_1	5.131	5.283	5.262	5.971	6.171	5.803
NM_008915_14_-_1	2.535	2.269	2.595	4.073	4.037	4.221
NM_175116_14_+_1	5.653	5.679	5.407	6.435	6.391	6.362
NM_001247984_14_+_1	6.913	6.953	6.907	5.769	5.965	6.811
NM_022886_14_+_1	4.219	3.451	2.896	5.141	5.702	5.584
NR_045274_15_+_1	3.768	3.638	3.709	4.328	4.761	5.317
NM_008372_15_-_1	3.652	3.604	2.716	4.63	4.973	4.768
NM_011767_15_+_1	6.499	6.817	7.112	6.14	5.947	6.304
NR_028101_15_-_1	9.157	9.257	9.263	7.748	8.056	8.471
NM_008287_15_-_1	3.661	4.28	3.821	5.157	5.237	5.245
NM_023127_15_+_1	6.465	6.942	6.623	4.492	4.648	5.147
NM_027212_15_+_1	7.721	7.884	7.845	7.003	7.211	7.247
NM_178920_15_+_1	-4.912	-0.936	-4.912	0.955	1.479	-0.161
NM_008681_15_-_1	3.436	3.847	2.645	4.889	4.836	5.116
NM_008975_15_+_1	5.868	6.544	5.822	7.071	7.115	6.372
NM_001164036_15_+_1	3.947	3.249	2.767	-1.111	-4.906	-0.658
NM_008529_15_+_1	2.181	2.295	2.175	-2.62	-4.908	-1.861
NM_001164038_15_+_1	9.506	9.655	9.623	7.2	6.874	6.052
NM_001164040_15_+_1	8.568	8.634	8.233	4.44	6.425	4.554
NM_001164039_15_+_1	8.872	8.808	9.076	5.85	5.892	4.712
NM_020498_15_-_1	0.151	2.318	2.209	-4.912	-4.912	-1.855
NM_010738_15_-_1	2.216	3.532	3.366	-0.939	-0.788	-2.169
NM_001305668_15_-_1	4.264	3.99	5.029	-0.802	-4.91	-4.909
NM_175391_15_-_1	7.884	7.317	7.249	-4.912	-1.906	0.044
NM_177820_15_-_1	2.192	2.792	2.712	-2.51	-4.912	-4.912
NR_033577_15_+_1	6.583	6.064	5.903	-4.912	0.538	-0.386
NM_001134802_15_+_1	-1.212	-0.516	-2.449	-4.912	-4.912	-3.02
NM_007780_15_+_1	7.129	7.102	6.864	6.112	6.18	6.143
NM_008197_15_+_1	5.871	6.338	6.115	6.733	6.439	6.499
NM_013818_15_+_1	5.904	5.958	5.652	5.075	5.214	5.336
NR_030675_15_-_1	4.302	4.033	3.782	-0.549	-0.266	0.391
NM_030255_15_+_1	7.464	7.237	6.804	-0.776	0.825	-4.908
NM_001160415_15_+_1	0.617	-0.506	1.356	3.866	3.575	3.976
NM_144811_15_-_1	4.104	3.89	4.045	2.427	2.872	2.468
NM_013762_15_-_1	10.117	10.038	9.989	9.598	9.502	9.557
NM_001289442_15_+_1	3.656	4.03	4.048	3.259	2.966	3.29
NM_134095_15_-_1	4.53	4.064	3.973	1.836	2.773	1.646
NM_011889_15_+_1	0.66	0.837	-1.51	4.103	3.446	4.328
NM_008669_15_-_1	6.54	6.29	6.251	7.462	7.217	7.402
NM_001159509_15_-_1	6.002	6.411	5.749	5.447	5.364	5.091
NM_016843_15_+_1	7.637	7.681	7.413	8.034	7.884	8.103
NR_040417_15_-_1	-0.559	-0.4	0.977	-2.986	-2.535	-4.912
NM_021530_15_+_1	5.867	5.466	5.446	3.635	3.462	3.925
NM_028770_15_-_1	3.497	2.867	2.857	2.017	1.431	1.405
NM_001290761_16_-_1	5.593	5.697	5.901	5.128	5.395	5.004
NM_001136066_16_+_1	7.753	7.656	7.82	6.451	6.557	6.358
NM_144852_16_-_1	-2.606	-4.912	-4.912	-1.07	-0.548	-1.577
NM_001001881_16_-_1	0.706	-0.271	0.884	3.439	2.909	2.29
NM_023386_16_+_1	7.749	8.009	7.744	5.987	6.145	6.474
NM_173439_16_-_1	4.538	4.596	4.452	3.791	3.909	4.25
NM_025329_16_+_1	7.509	7.745	7.751	8.267	8.547	8.71
NM_011638_16_+_1	6.371	6.328	6.091	7.708	7.865	7.775
NM_001130485_16_+_1	8.822	8.947	8.934	8.02	8.106	8.431
NM_001039530_16_-_1	5.717	5.958	5.665	4.88	5.02	5.283
NM_019388_16_-_1	6.693	6.647	6.763	7.443	7.407	7.564
NM_024273_16_-_1	1.5	2.259	3.015	3.875	4.343	4.151
NM_019804_16_+_1	4.55	4.748	4.555	3.347	3.407	3.528
NR_002445_16_+_1	4.176	4.117	4.399	7.556	7.732	7.821
NM_021325_16_+_1	5.554	5.523	5.307	3.597	3.539	4.125
NM_008099_16_+_1	-4.912	-0.604	-0.624	3.539	4.223	2.644
NM_001304528_16_-_1	-0.016	0.337	0.405	4.971	4.488	4.181
NM_011173_16_+_1	0.308	0.286	0.803	1.333	2.293	2.377
NM_011434_16_+_1	7.04	7.137	7.315	6.468	6.698	6.476
NM_010846_16_-_1	4.882	4.24	4.698	3.815	3.695	3.087
NM_146073_17_+_1	1.197	1.189	1.828	4.147	3.812	3.942
NR_045079_17_+_1	1.449	-0.868	-0.307	3.183	3.535	3.585
NM_001083945_17_-_1	2.925	3.291	3.364	1.945	2.361	2.09
NM_026611_17_+_1	7.744	7.686	8.011	5.889	6.036	5.981
NM_001098267_17_-_1	-4.912	-4.912	-4.912	-2.986	-2.081	-4.912
NM_026611_dup1_17_-_1	5.471	5.703	6.083	7.233	7.621	7.609
NM_001083938_17_-_1	7.999	8.283	8.516	9.378	9.466	9.402
NM_001190338_17_+_1	4.243	3.051	5.07	6.632	6.423	6.616
NM_009835_17_+_1	4.823	4.466	4.523	3.091	3.404	2.586
NM_018819_17_+_1	8.479	8.659	8.721	7.403	7.791	7.625
NM_001113533_17_-_1	3.976	4.163	3.984	6.067	5.715	5.769
NM_001113532_17_-_1	6.165	6.524	6.238	1.453	4.138	3.526
NM_010806_17_+_1	6.167	6.311	6.326	6.69	6.701	7.196
NM_001123372_17_+_1	2.865	3.333	3.252	1.029	1.167	0.502
NM_013684_17_+_1	5.899	5.897	5.827	5.257	5.298	5.348
NM_023058_17_+_1	5.436	5.352	5.191	4.641	3.925	4.057
NM_013921_17_-_1	6.736	6.549	6.511	5.965	6.078	5.758
NR_037854_17_-_1	8.812	8.519	9.092	7.92	8.145	8.659
NM_001031621_17_-_1	1.297	1.154	1.969	-3.504	-4.912	-3.02
NM_001080128_17_+_1	6.943	6.708	6.672	6.068	5.818	5.697
NM_008503_17_+_1	9.674	9.696	9.743	9.365	9.196	9.076
NM_001012402_17_+_1	-4.912	-4.912	-0.805	4.422	4.184	4.348
NM_029197_17_+_1	-4.912	-4.912	-4.912	2.263	0.305	2.468
NM_024284_17_+_1	6.238	5.944	6.291	6.919	7.195	6.666
NM_001271437_17_-_1	2.996	2.698	3.082	4.467	4.092	4.392
NM_172618_17_-_1	4.373	1.672	4.244	-1.464	-4.082	-1.158
NM_001113560_17_-_1	3.459	3.709	4.717	-4.912	-2.38	-1.162
NM_080727_17_-_1	-4.912	-4.912	-4.912	-0.914	-0.288	-0.189
NR_029458_17_+_1	2.79	2.497	2.328	-0.921	0.377	0.647
NM_024442_17_+_1	9.365	9.187	9.044	8.106	8.238	8.412
NM_172458_17_-_1	5.948	5.922	5.282	4.986	5.128	5.069
NM_152922_17_-_1	1.68	2.193	2.394	3.112	3.531	3.068
NM_010478_17_-_1	11.604	9.923	10.223	8.209	7.158	6.656
NM_010479_17_-_1	11.173	9.402	9.795	7.696	6.59	6.215
NM_133662_17_+_1	6.926	6.838	7.306	7.49	7.891	8.086
NM_008199_17_-_1	2.676	2.226	2.844	2.059	1.395	1.669
NM_011280_17_+_1	-0.878	1.044	-4.912	4.194	4.808	3.242
NM_019439_17_+_1	4.127	3.791	4.312	4.904	4.798	5.082
NM_008204_17_-_1	8.077	7.936	8.048	9.667	9.378	9.523
NM_011269_17_+_1	-4.912	0.699	-4.912	3.99	5.104	2.997
NM_013737_17_+_1	7.332	7.127	7.292	8.036	8.071	7.955
NM_001304956_17_+_1	4.094	2.947	4.388	-0.768	-0.595	2.602
NM_144857_17_-_1	5.542	5.421	5.917	6.371	6.25	6.18
NM_025433_17_-_1	7.312	7.16	7.157	6.834	6.608	6.506
NM_001146212_17_+_1	5.338	4.94	5.673	3.455	3.773	3.981
NM_008189_17_-_1	2.25	1.091	2.645	-0.58	-4.912	-1.268
NM_001177896_17_-_1	-4.912	-4.111	-4.912	2.65	2.084	2.688
NM_013733_17_+_1	4.437	3.838	4.394	3.808	3.199	3.049
NM_010613_17_-_1	3.989	3.809	4.339	3.29	2.995	3.544
NM_172964_17_-_1	3.904	4.007	3.868	4.813	4.921	5.317
NM_177278_17_+_1	-0.162	0.463	-4.912	4.874	4.773	5.163
NM_207246_17_+_1	5.839	5.727	5.727	6.194	6.576	6.592
NR_003363_17_-_1	3.036	2.813	2.312	-0.835	-0.875	0.478
NM_011163_17_-_1	4.787	4.701	4.437	3.001	3.505	4.193
NM_028611_17_+_1	6.046	6.242	6.109	4.882	5.031	4.65
NM_026514_17_-_1	7.368	7.086	7.21	6.329	6.504	6.322
NM_146083_17_-_1	7.567	7.677	7.787	6.852	7.133	7.101
NM_025325_17_-_1	6.593	6.45	6.655	5.808	5.421	5.878
NM_008532_17_+_1	4.461	4.216	4.761	5.864	5.921	5.976
NM_007883_18_+_1	-4.912	-4.912	-4.912	-1.484	-2.995	-0.559
NM_010415_18_-_1	2.487	1.783	2.227	3.415	3.275	3.838
NM_029357_18_-_1	1.256	0.386	0.089	2.608	2.403	2.072
NM_011937_18_-_1	6.257	6.283	5.814	4.287	3.899	3.842
NM_001025388_18_+_1	2.681	2.737	2.899	8.088	7.567	7.746
NR_040338_18_+_1	-1.346	-4.912	-4.912	1.535	3.581	0.824
NM_134133_18_-_1	6.539	6.396	6.437	5.996	5.778	5.796
NM_026473_18_+_1	5.069	5.124	5.371	4.899	4.451	4.09
NM_008540_18_-_1	6.49	6.351	6.07	5.766	5.693	5.501
NM_145494_18_-_1	6.307	6.17	5.917	6.601	6.779	6.584
NM_025581_18_-_1	-4.862	-4.876	-4.894	3.146	4.001	2.072
NM_177470_18_+_1	5.387	5.466	5.498	6.147	6.324	6.032
NM_178670_18_-_1	3.762	3.861	3.623	2.944	2.995	3.063
NM_173770_18_+_1	-4.912	-4.912	-4.912	1.298	1.854	2.229
NM_027476_19_+_1	1.317	2.486	2.222	3.466	3.07	3.251
NR_015545_19_+_1	2.455	2.276	2.708	-1.264	-4.912	-4.912
NR_027938_19_+_1	0.554	-0.228	1.154	-4.912	-4.912	-3.02
NM_001190436_19_+_1	3.75	3.981	4.237	5.158	5.324	5.223
NM_008577_19_-_1	7.684	7.632	7.823	8.337	8.427	8.281
NM_029499_19_+_1	9.191	9.362	9.11	8.416	8.312	8.571
NM_027209_19_+_1	8.185	8.22	8.082	7.538	7.517	7.577
NM_026835_19_-_1	1.632	2.263	2.651	4.304	4.143	3.922
NM_001025307_19_-_1	0.844	1.426	2.174	-4.912	-4.912	-2.199
NM_152220_19_-_1	2.478	2.231	3.726	3.662	3.796	4.173
NM_026640_19_+_1	6.713	6.829	6.808	5.494	5.381	5.381
NM_134152_19_+_1	6.879	7.042	7.05	6.492	6.502	6.48
NM_181348_19_+_1	0.133	0.887	0.803	-2.144	-4.912	-4.912
NM_145497_19_+_1	4.927	4.435	4.451	3.637	3.369	3.888
NM_013467_19_+_1	-0.731	-4.912	-4.912	2.826	3.674	0.753
NM_025423_19_-_1	5.848	5.893	5.694	6.368	6.51	6.438
NM_145831_19_+_1	-1.346	-2.442	-4.912	0.068	0.396	-0.161
NM_008332_19_+_1	4.802	5.242	4.883	4.137	3.662	3.875
NM_010501_19_+_1	6.329	6.836	6.04	5.153	5.001	5.513
NM_001101605_19_-_1	2.961	3.498	2.679	1.491	1.081	1.932
NM_001005858_19_+_1	4.273	4.18	4.096	1.881	2.618	2.761
NM_008331_19_+_1	5.574	5.464	4.955	3.896	2.867	3.735
NM_198108_19_-_1	-4.912	-4.912	-1.51	2.468	1.382	1.503
NR_045645_19_+_1	2.448	1.881	1.953	3.392	3.958	3.847
NM_172429_19_-_1	6.282	6.21	6.188	5.785	5.95	5.828
NR_028427_19_-_1	4.19	3.942	4.195	1.524	1.314	2.137
NM_026437_19_+_1	4.833	5.045	4.998	5.61	5.416	5.559
NM_018869_19_+_1	1.985	1.459	2.227	1.298	-0.266	-0.039
NR_131956_19_-_1	-0.621	0.441	0.047	-4.912	-4.912	-4.912
NM_001177754_2_-_1	0.998	2.191	-0.697	-3.165	-0.861	-2.305
NM_080854_2_-_1	-4.912	-4.912	-4.912	-0.456	0.084	-0.287
NM_031843_2_-_1	4.142	4.052	4.117	4.92	5.144	4.973
NM_001033293_2_-_1	5.402	5.518	5.446	4.194	4.31	4.169
NM_027085_2_+_1	0.822	0.826	1.652	3.968	4.358	4.883
NM_001290463_2_+_1	-4.912	-4.912	-4.912	-0.28	0.237	-0.251
NM_007760_2_-_1	2.388	2.106	2.065	3.785	3.385	3.297
NM_146119_2_+_1	1.371	2.05	2.194	0.158	-0.266	0.692
NR_027515_2_-_1	2.726	1.626	1.666	-4.912	-0.304	-4.912
NM_028810_2_-_1	7.58	7.322	7.213	8.305	7.993	8.174
NM_001141949_2_-_1	5.635	5.495	5.905	6.039	6.125	6.291
NM_028118_2_-_1	3.566	3.823	2.837	4.362	4.155	4.24
NM_027835_2_-_1	5.562	5.658	5.211	2.448	3.358	4.605
NM_018732_2_-_1	5.572	5.564	5.725	-1.539	0.479	-1.018
NM_001164791_2_+_1	2.414	2.561	2.684	0.664	0.65	0.02
NM_028004_2_-_1	5.047	4.786	4.8	1.399	1.781	2.369
NM_010576_2_+_1	8.009	7.92	7.756	7.375	7.308	7.627
NM_001081349_2_+_1	-4.254	-3.93	-4.775	1.32	2.968	-0.38
NM_008653_2_+_1	-0.284	0.286	-0.805	2.291	2.155	2.377
NR_015464_2_+_1	1.965	0.979	1.922	2.628	2.657	3.405
NM_172668_2_+_1	1.297	-0.118	0.977	-2.986	-1.385	-2.46
NM_178725_2_+_1	-1.646	-2.029	-2.694	-4.912	-4.912	-4.912
NM_001110849_2_-_1	5.749	4.87	5.54	-2.014	-2.277	-0.884
NM_177190_2_-_1	3.256	3.35	3.564	1	1.332	1.503
NM_177652_2_-_1	7.282	7.077	6.76	8.212	8.431	8.684
NM_009773_2_+_1	4.511	4.502	4.289	2.855	2.978	1.303
NM_028054_2_+_1	5.101	4.837	4.98	4.291	4.127	3.69
NM_016907_2_+_1	6.901	6.918	6.566	1.058	1.479	2.198
NM_019769_2_+_1	5.806	5.614	5.594	6.495	6.333	6.38
NM_133838_2_-_1	5.4	5.456	5.434	5.806	5.824	6.099
NM_001024137_2_-_1	-2.065	-4.912	-1.51	5.709	5.702	6.04
NM_001024145_2_-_1	2.967	2.332	2.857	5.91	5.874	6.145
NM_011743_2_-_1	5.995	5.895	5.931	5.421	5.529	5.562
NM_009222_2_+_1	6.362	6.452	6.142	5.666	5.852	5.675
NM_001159646_2_+_1	6.373	6.397	6.343	5.243	5.889	5.213
NM_144818_2_-_1	4.464	4.147	4.203	3.542	3.742	2.823
NM_019789_2_-_1	5.003	5.157	5.284	2.701	2.744	4.103
NM_001291005_2_-_1	4.867	5.014	5.129	3.114	3.191	2.87
NM_027192_2_+_1	1.334	1.335	2.376	3.305	2.89	3.558
NM_001177647_2_+_1	4.909	5.505	5.188	2.182	2.916	1.632
NM_001289749_2_+_1	-4.912	-4.912	-4.912	-1.07	-0.266	-0.287
NM_001081162_2_-_1	-4.912	-4.912	-4.912	0.326	-2.081	0.535
NM_001033298_2_+_1	3.506	3.145	3.471	4.295	4.124	4.375
NM_019632_2_-_1	-4.912	-4.912	-4.912	-0.236	-0.734	-0.444
NM_009976_2_-_1	10.506	10.662	10.831	11.173	11.325	11.5
NM_054068_2_-_1	-2.606	-4.912	-4.912	7.279	7.187	7.259
NM_172117_2_+_1	4.585	4.688	4.553	5.748	5.73	5.597
NM_001291077_2_-_1	-4.912	-4.912	-4.912	-0.062	-0.179	0.332
NM_175093_2_-_1	-4.912	-4.912	-1.097	0.796	-0.144	0.178
NM_007896_2_+_1	8.789	8.728	8.482	9.071	8.942	8.999
NM_016661_2_-_1	4.752	4.492	4.459	0.081	-1.543	-0.498
NR_015528_2_-_1	4.88	4.866	4.941	6.09	5.734	5.992
NM_170590_2_-_1	5.558	5.59	5.28	4.642	4.801	4.38
NM_172674_2_+_1	5.518	5.231	5.186	6.239	5.936	6.24
NM_001139520_2_-_1	8.081	7.908	7.879	8.634	8.622	8.446
NM_133779_2_+_1	5.14	5.181	5.548	6.168	5.997	6.157
NM_011125_2_-_1	6.161	5.622	5.702	7.391	6.988	7.062
NM_001139519_2_-_1	5.537	5.926	5.696	4.644	4.856	5.268
NM_021394_2_-_1	4.338	4.569	4.001	2.596	2.683	2.306
NM_025531_2_-_1	6.94	6.681	6.876	6.298	6.437	6.343
NM_001177480_2_+_1	-0.087	0.596	0.672	-2.233	-1.596	-4.908
NM_001177568_2_+_1	0.605	1.664	1.075	3.154	2.558	3.476
NR_036450_2_+_1	-0.248	-4.912	-4.912	2.867	3.004	3.105
NM_001243903_2_+_1	-1.159	-0.666	-0.282	1.691	2.283	1
NM_001177708_2_+_1	2.854	2.195	1.719	-4.912	-0.349	-4.36
NM_009801_3_+_1	5.761	5.981	6.124	8.848	9.288	6.887
NM_013531_3_-_1	4.69	4.133	3.673	5.272	5.056	5.153
NM_001167883_3_-_1	3.914	3.435	3.821	1.157	1.125	1.646
NM_011990_3_-_1	3.448	3.023	3.542	0.626	-0.882	-0.416
NM_030595_3_-_1	-4.912	-0.009	-4.912	2.915	2.995	3.033
NM_173398_3_-_1	3.832	3.926	4.701	5.072	5.774	5.431
NM_001113238_3_+_1	-4.912	-1.477	-4.912	2.481	1.933	-0.077
NM_001293749_3_+_1	1.441	0.846	0.317	2.496	2.662	2.083
NM_001253738_3_+_1	9.392	9.356	9.101	8.898	8.761	8.947
NM_001271764_3_+_1	7.394	7.074	6.946	6.796	6.522	6.769
NM_009112_3_+_1	6.611	6.859	6.871	7.922	7.834	7.578
NM_001293734_3_+_1	0.133	1.854	-0.521	3.89	2.916	3.731
NR_121656_3_+_1	-4.912	-0.343	-4.912	1.559	2.92	2.178
NM_019414_3_+_1	-4.912	-4.912	-4.912	-2.402	-2.399	-2.749
NM_001163573_3_-_1	1.048	0.926	1.204	-2.772	-4.912	-0.122
NM_144900_3_-_1	5.67	5.794	5.639	6.082	6.429	6.368
NM_177545_3_-_1	-4.912	-4.912	-4.912	1.419	2.272	0.267
NM_001142959_3_+_1	-2.392	-1.167	-4.912	4.556	4.912	4.757
NR_045845_3_+_1	7.073	7.206	7.234	5.783	5.832	6.495
NM_177664_3_-_1	-4.912	-2.442	-4.912	0.683	0.707	-1.577
NM_001005859_3_-_1	7.134	7.256	7.34	6.397	6.446	6.554
NM_011863_3_+_1	3.766	3.872	3.726	5.323	5.026	4.568
NM_001289493_3_+_1	2.981	3.634	3.13	4.74	4.604	4.881
NM_010259_3_+_1	-4.912	-4.912	-4.912	1.674	1.756	1.371
NM_010260_3_+_1	4.599	4.756	4.152	5.913	5.866	5.745
NM_133871_3_-_1	1.53	3.308	1.057	-1.07	-0.144	-1.956
NR_040373_3_-_1	-4.912	-4.912	-2.066	1.146	2.663	0.078
NM_019753_4_+_1	2.977	2.709	2.716	4.832	5.378	5.336
NM_010281_4_+_1	6.071	6.14	6.293	5.148	5.332	5.57
NM_008298_4_+_1	9.329	8.8	9.049	7.815	7.887	7.765
NM_001163401_4_+_1	3.09	1.933	3.166	-0.99	-4.912	-1.704
NM_001099348_dup1_4_-_2	-4.912	-4.912	-4.912	-1.981	-1.531	-0.409
NM_053081_4_-_1	4.065	4.151	3.695	5.339	5.408	5.061
NM_001110322_4_-_1	4.731	5.265	5.505	1.082	0.444	0.715
NM_001110321_4_-_1	5.225	5.674	5.739	-1.412	-0.451	-4.912
NM_001110320_4_-_1	5.524	5.267	5.697	3.868	3.447	4.707
NM_007654_4_-_1	5.801	5.77	5.75	6.732	6.6	6.514
NM_009370_4_+_1	5.374	5.773	5.502	6.115	6.222	6.401
NM_008525_4_-_1	5.625	5.568	5.789	7.693	7.977	6.473
NM_028326_4_+_1	-4.912	-0.556	-4.912	1.737	-0.144	0.692
NM_001113412_4_+_1	0.83	-0.34	0.222	2.839	2.932	3.464
NM_175036_4_+_1	7.352	7.373	7.289	7.81	7.812	7.817
NM_019872_4_-_1	3.595	3.413	3.991	5.026	5.131	4.889
NM_177578_4_+_1	5.572	5.399	5.022	-4.912	-4.912	-4.912
NM_026018_4_+_1	0.207	-4.674	-4.684	3.753	4.972	3.165
NM_026601_4_+_1	-1.137	-1.082	-0.111	4.989	4.618	3.779
NM_019563_4_+_1	2.154	2.05	1.434	4.194	3.978	3.176
NM_001005788_4_-_1	1.297	1.417	2.533	3.933	3.997	3.724
NM_007598_4_-_1	4.789	5.183	3.67	6.597	6.052	6.361
NM_001301067_4_-_1	4.43	3.463	4.724	6.498	6.56	6.328
NR_002445_4_-_1	6.657	6.817	6.815	-4.912	-4.912	-4.912
NM_001030274_4_-_1	5.918	6.054	6.502	1.029	1.255	1.34
NM_010213_4_+_1	1.767	1.135	1.595	4.19	4.131	4.493
NM_027402_4_+_1	2.876	2.911	1.785	4.826	4.141	5.202
NM_008228_4_-_1	7.441	7.509	7.276	6.702	6.579	6.356
NM_029748_4_+_1	6.443	6.475	6.766	7.207	7.175	7.219
NM_008974_4_+_1	8.27	8.046	7.728	6.988	6.953	6.478
NM_011520_4_+_1	4	4.127	4.142	3.731	3.058	3.53
NM_016957_4_-_1	9.807	9.824	9.834	8.613	8.574	8.515
NM_026144_4_-_1	4.641	4.351	4.905	3.912	3.786	3.384
NM_080559_4_-_1	11.097	11.203	11.249	9.807	9.824	9.975
NM_019578_4_-_1	2.515	0.765	1.785	0.421	-3.183	-0.594
NM_019641_4_+_1	9.095	9.163	9.321	7.746	7.552	7.452
NM_172338_4_-_1	2.945	2.414	3.039	3.998	3.978	4.061
NM_001083918_dup1_4_+_1	5.002	4.769	4.782	0.528	1.085	0.701
NR_040355_4_+_1	4.027	2.113	3.414	-2.023	-0.63	-0.222
NM_001177767_4_+_1	-4.912	-4.912	-4.912	-1.192	-1.243	-1.681
NM_001014397_4_+_1	-1.92	-1.67	-0.752	3.263	3.519	3.729
NM_145078_4_-_1	-4.912	-4.912	-4.912	5.347	5.209	5.294
NM_001127188_4_-_1	-2.468	-4.912	-1.857	0.711	0.355	0.295
NM_001025365_4_-_1	5.442	5.318	5.313	4.988	4.808	4.833
NM_001039554_4_-_1	-4.912	-4.912	-0.565	3.741	3.628	3.735
NM_008441_4_-_1	2.768	1.548	1.93	3.73	4.008	4.093
NM_023119_4_+_1	9.136	8.929	8.996	8.655	8.42	8.422
NM_001025388_4_+_1	6.676	6.895	5.617	-4.795	-4.608	-3.983
NM_001112744_4_-_1	-4.912	-4.912	-4.912	0.553	1.001	0.896
NR_045643_4_-_1	-1.646	-4.912	-2.066	0.158	-0.266	0.178
NM_178931_4_-_1	0.929	1.973	2.595	4.137	4.6	3.815
NM_147776_4_-_1	-4.912	-4.912	-2.066	-0.346	-0.734	1.203
NM_024263_4_+_1	-0.284	-0.271	-4.912	1.419	1.584	1.88
NM_009400_4_+_1	6.313	6.184	6.428	7.025	6.951	7.04
NR_030671_4_+_1	4.793	4.677	4.445	3.775	3.929	4.284
NM_001110516_4_-_1	-2.247	-4.912	-4.912	2.809	3.033	2.283
NM_194462_5_+_1	6.466	6.558	6.558	6.914	7.102	7.43
NM_153116_5_-_1	3.3	3.435	3.302	1.836	2.376	2.632
NM_198620_5_-_1	3.015	3.435	3.768	2.094	0.86	0.456
NM_011075_5_+_1	4.077	4.695	4.67	1.188	1.041	0.564
NM_009274_5_-_1	5.772	5.893	5.45	6.104	6.172	6.264
NR_015554_5_-_1	-4.912	-4.912	-4.912	2.41	2.059	2.348
NM_001081441_5_-_1	3.193	3.791	3.373	2.898	2.773	2.594
NM_153526_5_+_1	3.805	3.976	3.897	4.826	4.346	4.25
NM_021304_5_+_1	-4.912	-4.905	-4.664	5.406	5.466	5.74
NR_003522_5_+_1	3.286	3.884	4.147	0.978	0.665	1.24
NM_001040435_5_+_1	5.557	5.537	5.486	5.175	4.844	4.649
NM_010753_5_-_1	4.973	5.094	5.175	5.96	5.825	5.931
NR_131130_5_+_1	-4.912	-4.912	-4.912	-1.2	-0.878	-1.502
NM_144517_5_+_1	2.777	2.896	2.896	3.791	3.742	3.712
NM_029554_5_+_1	1.655	1.044	-0.212	-4.912	-2.535	-4.912
NM_026667_5_+_1	3.414	3.186	2.759	2.125	1.709	2.29
NM_001164806_5_-_1	5.058	5.373	4.764	2.93	3.128	3.347
NM_001081205_5_+_1	2.84	2.309	2.103	0.158	0.86	0.369
NM_001113461_5_-_1	0.94	2.949	3.951	-4.692	-4.266	-3.276
NM_001113460_5_-_1	4.775	4.966	4.094	3.768	3.659	3.073
NM_010612_5_-_1	0.584	0.081	1.057	-0.878	-3.183	-1.577
NM_007832_5_+_1	5.899	5.845	5.289	5.113	5.173	4.768
NM_001009818_5_+_1	5.963	5.745	5.763	5.199	5.038	5.073
NM_013470_5_+_1	7.46	7.001	6.996	6.313	6.517	6.615
NM_001163461_5_+_1	1.269	1.941	0.665	-4.912	-0.458	-4.841
NM_001253917_5_-_1	2.36	1.604	2.095	3.796	4.09	4.668
NM_001285806_5_-_1	6.306	6.414	5.908	4.937	5.105	4.621
NM_177078_5_-_1	7.018	7.029	6.83	7.425	7.422	7.773
NM_007773_5_-_1	-2.065	-2.442	-4.912	1.11	0.084	0.692
NR_027818_5_-_1	3.64	3.617	3.451	5.761	5.763	6.3
NM_011854_5_+_1	5.658	6.016	5.583	4.3	4.607	4.623
NM_001122666_5_-_1	1.602	0.856	2.239	4.554	3.992	3.661
NM_145227_5_-_1	4.976	5.234	4.88	2.291	3.615	3.86
NM_145226_5_-_1	2.346	2.502	1.754	0.421	-0.734	0.535
NR_126529_5_-_1	2.829	2.613	2.47	-4.819	-1.301	-0.243
NM_011852_5_-_1	2.529	2.779	3.9	-3.267	-4.912	-4.9
NM_145211_5_-_1	7.036	7.337	7.223	5.743	5.746	5.841
NM_030259_5_-_1	7.217	7.221	7.42	7.737	8.27	7.994
NM_175432_5_+_1	2.822	2.885	2.778	-0.236	0.86	1.456
NM_001130476_5_+_1	3.796	3.982	3.959	3.222	3.739	3.025
NM_198602_5_-_1	4.702	4.307	4.485	2.564	3.279	2.737
NM_031406_5_-_1	4.219	4.485	4.212	3.975	3.474	3.746
NM_001044703_5_+_1	-1.813	-2.168	0.283	2.513	2.939	1.854
NM_177878_5_+_1	2.535	1.913	3.214	4.016	3.462	3.979
NM_001013773_5_+_1	2.977	3.061	3.404	5.808	5.886	6.079
NM_178702_5_-_1	1.382	0.583	-0.103	1.697	2.574	2.892
NR_040432_5_+_1	3.945	3.666	3.821	0.421	0.86	1.252
NM_019647_5_+_1	9.911	10.16	10.077	8.68	8.828	9.145
NM_028291_5_+_1	5.442	5.323	5.221	5.781	5.921	6.224
NM_029920_5_+_1	0.648	2.937	1.489	-4.912	-1.385	0.456
NM_011908_5_-_1	7.284	7.222	7.159	7.888	7.698	7.762
NR_028061_5_-_1	-2.39	-4.912	-0.271	6.069	5.939	5.908
NM_173006_6_-_1	1.74	1.947	2.671	3.65	3.723	3.891
NM_001164805_6_-_1	-4.912	-4.912	-4.912	-0.037	-0.923	1.203
NM_007563_6_+_1	4.013	4.291	4.81	5.555	5.589	5.234
NM_032540_6_-_1	-0.284	-0.271	-0.565	2.638	4.275	2.551
NM_133764_6_+_1	-4.912	-2.442	-4.912	3.871	3.111	3.217
NM_001079902_6_+_1	-4.604	-4.433	-4.122	0.703	0.518	1.385
NM_174960_6_+_1	0.387	1.459	0.884	4.484	4.155	2.529
NM_001163640_6_+_1	6.885	6.742	6.537	7.411	7.599	7.523
NM_001164361_6_+_1	1.933	1.68	0.803	3.016	2.748	3.015
NM_019455_6_-_1	5.128	5.246	5.229	5.887	6.315	6.196
NM_010121_6_+_1	3.387	3.444	3.813	4.174	4.199	4.71
NM_001035228_6_+_1	5.737	5.548	5.47	4.883	4.89	5.071
NM_026159_6_+_1	2.154	2.392	1.312	3.451	3.095	3.407
NM_009357_6_-_1	5.768	5.724	6.057	5.266	4.617	4.941
NM_001271861_6_+_1	-4.912	-4.912	-0.485	1.673	2.687	-0.468
NM_013471_6_-_1	6.761	6.628	6.411	7.29	7.385	7.329
NM_001170591_6_+_1	4.7	4.582	4.442	0.77	1.766	1.002
NM_011507_6_-_1	5.618	5.329	5.204	3.841	3.842	3.742
NM_145148_6_-_1	2.056	2.643	3.151	0.894	1.28	-0.594
NM_138677_6_+_1	6.268	6.113	5.892	6.79	6.763	6.664
NM_133926_6_-_1	3.566	4.027	4.466	6.045	5.78	5.816
NM_016970_6_-_1	1.334	2.05	-0.565	3.886	4.286	3.69
NM_031159_6_-_1	2.573	1.754	1.72	4.8	4.634	4.77
NM_001190310_6_+_1	4.576	4.346	4.557	5.249	5.462	5.48
NM_020001_6_+_1	5.215	5.287	5.355	6.479	6.625	5.854
NM_001145927_6_+_1	-4.912	-4.912	-4.912	2.211	2.904	3.139
NM_001145926_6_+_1	-4.912	-4.912	-4.912	-0.266	0.493	0.716
NM_008084_6_-_1	9.751	9.585	9.54	8.867	8.613	8.438
NM_146171_6_-_1	4.666	4.464	4.4	3.927	3.822	3.132
NM_009829_6_-_1	6.914	7.133	7.168	6.448	6.476	6.21
NM_020257_6_+_1	5.998	5.891	5.546	4.799	4.781	4.679
NR_015455_6_+_1	4.757	5.077	4.999	7.219	7.186	7.475
NM_177686_6_+_1	5.429	5.73	5.858	4.512	3.997	3.398
NM_033078_6_-_1	4.89	5.195	4.495	6.112	6.547	6.527
NM_001012520_6_-_1	5.695	5.434	5.564	4.555	4.503	4.814
NM_177155_6_-_1	5.403	5.742	5.549	6.715	6.871	7.002
NM_133203_6_-_1	3.617	3.324	4.212	7.845	7.774	7.794
NM_010651_6_-_1	-4.912	-4.912	-1.402	1.71	1.763	1.319
NM_008459_6_-_1	-4.912	-4.912	-4.912	0.022	0.541	-0.074
NM_010648_6_-_1	1.904	1.918	1.681	-4.907	-4.892	-4.88
NM_001163445_6_+_1	5.408	5.549	5.822	4.559	4.603	5.098
NM_013546_6_-_1	0.207	0.386	1.434	7.673	7.609	7.512
NM_028982_6_+_1	5.795	5.877	5.653	6.968	6.781	6.827
NM_175652_6_-_1	1.459	1.417	0.803	3.214	3.328	3.297
NM_177688_6_+_1	6.899	7.077	7.35	8.102	7.991	7.969
NM_001301309_6_-_1	2.072	2.512	2.843	-4.912	-4.912	-0.509
NM_001301308_6_-_1	2.241	2.492	2.951	-4.912	-4.912	-3.724
NM_001164402_6_+_1	5.498	5.747	4.363	6.362	6.432	6.234
NM_001271595_6_-_1	5.211	4.999	5.033	-3.685	-4.506	-1.103
NM_183165_6_+_1	4.299	4.317	4.532	3.369	3.147	3.731
NM_025872_6_+_1	5.042	5.157	5.325	3.241	4.103	4.017
NM_010586_6_-_1	1.633	0.735	2.501	-1.4	-4.912	-4.912
NM_024168_7_+_1	5.764	5.918	6.188	5.591	5.026	5.007
NM_001289428_7_-_1	5.789	5.809	5.602	1.658	2.879	2.126
NM_011089_7_-_1	6.663	6.414	6.261	5.67	5.465	5.638
NM_011087_7_-_1	-3.581	-4.218	-4.59	7.344	7.178	7.177
NM_001166672_7_-_1	6.42	6.11	5.755	-4.912	-1.564	-4.912
NM_011093_7_+_1	2.416	2.314	2.359	-0.52	-0.375	0.474
NM_008848_7_+_1	-4.912	-4.906	-4.898	2.443	2.363	1.578
NM_026146_7_+_1	-0.31	2.698	2.414	-1.876	-3.335	-1.356
NM_001033548_7_-_1	3.193	2.461	3.009	0.614	0.632	0.972
NM_026158_7_-_1	4.219	4.533	4.839	3.28	1.957	0.535
NM_175315_7_-_1	2.603	2.134	2.103	-4.912	-4.912	-4.912
NM_009201_7_+_1	6.414	6.306	6.237	5.582	5.321	4.872
NM_001110009_7_-_1	2.419	2.184	2.837	-2.144	-0.408	-4.912
NM_009696_7_-_1	8.093	7.836	8.046	5.527	6.152	4.225
NM_001305844_7_-_1	5.636	5.976	7.096	4.048	2.985	1.371
NM_020486_7_-_1	0.133	0.826	0.977	-4.912	-4.912	-3.02
NM_177036_7_-_1	0.773	1.881	1.252	-2.986	-3.183	-4.912
NM_001163810_7_-_1	-4.912	-4.912	-4.912	1.605	2.024	2.437
NM_199013_7_-_1	0.207	-2.442	0.884	1.864	2.024	2.407
NM_011113_7_+_1	5.205	5.484	6.004	7.417	7.827	7.61
NM_023133_7_+_1	10.896	11.126	11.173	10.373	10.322	10.582
NM_010261_7_-_1	7.319	7.416	7.496	7.975	7.869	7.956
NM_001039186_7_-_1	3.887	1.896	2.805	-0.963	0.896	0.409
NM_001039185_7_-_1	3.187	2.9	3.337	-0.312	0.751	0.316
NM_001039187_7_-_1	1.607	1.828	1.361	0.102	-3.784	-4.557
NM_001113368_7_-_1	-4.912	-4.912	-1.249	1.717	1.552	0.921
NM_025504_7_+_1	4.616	4.406	4.486	2.447	2.448	3.127
NM_010950_7_+_1	-1.646	-0.936	-1.097	-4.912	-4.912	-4.912
NM_198425_7_+_1	1.908	2.023	2.065	3.699	3.978	3.968
NM_001081115_7_-_1	1.53	0.826	0.977	3.983	3.058	3.242
NM_027999_7_-_1	5.503	5.592	5.401	5.126	5.148	4.822
NM_001083903_7_+_1	1.235	1.118	2.028	-0.738	-2.535	-1.198
NM_025390_7_-_1	5.484	5.286	5.454	4.073	4.254	4.418
NM_001205070_7_+_1	1.061	2.615	1.531	3.161	4.228	2.943
NM_001205072_7_+_1	2.983	2.337	4.398	-1.152	-4.912	-4.907
NM_001205071_7_+_1	4.306	4.631	4.497	5.691	5.407	4.864
NM_023649_7_-_1	-4.912	-0.4	-4.912	2.481	2.544	2.804
NM_001160345_7_-_1	0.113	2.097	1.785	5.767	5.862	5.973
NM_023908_7_-_1	1.733	2.106	0.275	2.744	3.247	3.33
NM_001113527_7_+_1	2.456	3.529	3.046	5.799	6.41	5.018
NM_011870_7_-_1	7.279	7.583	7.508	7.86	7.996	8.143
NM_031375_7_+_1	4.724	4.32	4.901	5.618	5.374	5.127
NM_026812_7_+_1	2.25	0.286	2.453	5.736	5.546	6.016
NM_172904_7_-_1	0.308	0.699	0.717	-4.912	-4.912	-4.912
NM_010176_7_-_1	1.197	0.887	-0.212	2.915	2.995	2.613
NM_199035_7_+_1	5.774	5.598	5.642	4.417	4.223	4.555
NM_001012434_7_+_1	2.112	-1.555	2.36	-3.687	-3.459	-2.686
NM_011035_7_+_1	7.006	6.938	6.677	8.053	7.907	8.113
NM_178764_7_+_1	4.256	4.626	4.866	5.072	5.354	5.365
NM_001291358_7_+_1	2.827	2.419	0.406	-0.66	-4.907	-4.889
NM_016956_7_-_1	5.874	7.521	6.905	10.258	10.998	9.837
NM_008220_7_-_1	5.874	7.521	6.905	10.258	10.998	9.837
NM_001201391_7_-_1	5.873	8.512	7.633	11.04	11.604	10.596
NM_001278161_7_-_1	7.253	9.46	8.867	11.604	12.032	11.452
NM_001013616_7_+_1	1.712	2.076	1.699	0.158	-1.385	-0.78
NM_030684_7_+_1	6.601	6.426	5.98	5.396	5.239	5.521
NM_023835_7_-_1	6.737	6.597	6.837	-1.539	-1.679	-0.039
NR_040749_7_+_1	3.043	3.171	2.694	-4.912	-4.912	-3.02
NM_001243916_7_+_1	-0.031	0.207	0.619	2.935	3.069	2.89
NM_001146007_7_-_1	6.153	6.085	5.94	-4.029	-3.916	-3.767
NM_009099_7_-_1	6.801	7.025	6.688	5.882	5.681	6.007
NR_030719_7_-_1	-0.933	-1.323	-0.957	1.788	1.642	1.934
NM_001243039_dup1_7_-_2	2.073	-1.402	0.761	-1.977	-2.968	-2.08
NM_001243040_dup1_7_-_2	4.69	3.064	3.526	0.028	-0.58	1.311
NM_029000_dup1_7_-_2	1.976	1.49	0.686	-2.043	-2.206	-2.12
NM_001039160_dup1_7_-_2	4.598	4.142	4.225	-0.077	0.977	1.215
NR_040456_dup1_7_-_2	0.687	2.043	1.838	-4.912	-4.911	-4.912
NR_040453_dup1_7_-_2	1.244	-2.628	2.408	-4.912	-4.91	-4.912
NR_003967_7_-_1	-4.912	-1.821	-4.912	2.951	3.748	2.879
NM_001277179_7_-_1	6.427	6.513	6.557	3.948	5.426	4.243
NR_037959_7_-_1	8.079	8.216	8.339	5.108	5.17	5.365
NM_145584_7_+_1	3.105	3.035	3.373	1.058	1.885	2.01
NM_001277326_7_-_1	-3.832	-3.281	-4.912	1.578	2.857	0.59
NM_025989_7_-_1	2.419	2.372	1.745	6.136	6.275	5.847
NM_026418_7_-_1	5.997	6.403	6.639	5.559	5.805	5.425
NM_029935_7_-_1	3.926	3.856	3.72	3.338	3.398	2.979
NM_007400_7_-_1	-4.912	-4.912	-4.912	-0.133	0.305	0.535
NM_001033420_7_+_1	0.207	-0.556	0.638	2.043	1.749	2.407
NM_025378_7_-_1	9.937	10.349	10.251	9.592	9.784	9.877
NM_019762_7_+_1	6.462	6.26	6.656	6.072	5.86	5.725
NM_001162924_7_+_1	-0.111	-0.227	0.191	-1.15	-1.251	-1.385
NM_016850_7_-_1	6.603	6.71	6.292	5.425	5.251	5.138
NM_001177471_8_-_1	-4.912	-2.442	-0.377	2.387	2.872	2.783
NM_001012640_8_-_1	-4.912	-4.912	-4.912	1.927	2.323	0.616
NM_001270996_8_-_1	4.122	3.293	0.129	-4.311	-3.364	-3.22
NM_011721_8_-_1	5.073	4.719	4.936	3.936	4.248	4.035
NM_001042674_8_-_1	3.417	3.258	3.241	1.343	1.501	1.187
NM_001293759_8_-_1	3.081	2.96	3.001	-0.066	-0.808	1.213
NM_001293757_8_-_1	3.41	3.592	4.134	-4.912	-0.599	0.596
NM_026609_8_-_1	5.988	6.101	6.332	6.842	6.873	6.944
NM_001194940_8_-_1	2.037	1.126	1.664	4.387	4.422	4.378
NM_001039220_8_+_1	2.346	2.414	1.699	3.814	3.699	4.268
NM_030254_8_+_1	3.718	3.666	3.78	4.609	4.921	4.734
NM_019734_8_-_1	8.027	7.877	7.723	7.024	6.978	7.062
NM_146208_8_-_1	4.039	3.831	3.999	2.788	3.55	2.198
NM_008278_8_+_1	6.258	6.285	6.314	3.96	3.893	2.198
NM_008252_8_+_1	10.171	10.299	10.264	9.743	9.762	9.619
NM_008509_8_+_1	2.454	2.252	2.491	5.519	5.701	5.609
NM_001111304_8_+_1	6.911	6.775	7.027	6.264	6.301	6.443
NM_018808_8_+_1	10.066	8.162	8.908	7.298	6.566	6.383
NM_001163031_8_-_1	5.28	4.618	4.68	1.822	-3.521	1.435
NM_026423_8_-_1	6.133	6.086	6.487	5.641	5.233	5.657
NM_010499_8_-_1	9.238	8.973	9.427	10.143	9.635	9.635
NM_198020_8_+_1	-3.258	2.408	-3.092	4.392	4.091	3.343
NM_183358_8_+_1	6.1	6.454	6.329	4.748	4.441	4.552
NM_007591_8_-_1	8.259	8.249	7.95	8.8	8.703	8.547
NM_001163791_8_+_1	2.995	1.069	0.255	-4.912	-4.912	-0.883
NM_145857_8_+_1	2.763	2.134	2.427	3.483	3.615	4.169
NM_173014_8_+_1	6.337	6.201	6.019	7.052	7.132	7.026
NM_134141_8_-_1	5.676	5.647	5.561	6.325	5.941	5.947
NM_001145972_8_+_1	6.817	6.848	6.529	8.059	8.119	8.145
NM_009866_8_-_1	-1.941	-2.251	-0.525	-3.369	-3.183	-4.912
NM_175160_8_-_1	-0.162	0.286	0.341	1.249	1.28	0.824
NR_002928_8_-_1	3.461	3.533	3.751	5.666	5.418	5.242
NM_175480_8_+_1	-4.912	-4.912	-4.912	2.125	0.786	2.106
NM_146218_8_-_1	4.506	4.848	4.612	3.819	3.292	4.213
NM_011404_8_-_1	2.535	2.184	2.778	4.182	3.941	3.652
NM_175149_8_-_1	1.908	0.826	1.867	3.886	3.258	3.498
NM_008605_9_+_1	7.547	7.467	7.345	8.674	8.856	8.911
NM_027823_9_-_1	1.118	1.748	0.977	3.02	3.997	3.96
NM_016742_9_-_1	7.086	6.893	7.079	6.866	6.468	6.522
NM_145416_9_-_1	3.56	3.634	3.295	4.47	4.336	4.351
NM_026282_9_-_1	6.162	6.211	6.286	5.273	5.183	4.798
NM_007388_9_-_1	7.936	7.751	7.821	8.893	8.825	8.848
NM_001033813_9_+_1	0.308	-1.414	0.734	-4.912	-4.912	-1.52
NM_026189_9_+_1	4.219	4.267	3.909	3.007	3.183	3.335
NM_021339_9_+_1	4.464	4.612	4.53	-2.144	0.86	-1.018
NM_029762_9_-_1	3.237	3.145	3.258	1.464	0.632	0.972
NM_001081121_9_-_1	-4.912	-4.912	-4.912	0.955	1.584	1.456
NM_172769_9_-_1	5.021	5.407	5.266	4.441	4.011	4.26
NM_027144_9_-_1	1.273	1.302	1.329	4.918	4.981	5.258
NM_021424_9_+_1	3.214	3.742	3.576	4.295	4.32	4.298
NM_001005421_9_+_1	7.295	6.892	6.979	7.517	7.379	7.457
NR_015605_9_+_1	5.425	5.458	5.344	7.044	7.084	7.47
NM_172921_9_+_1	4.242	4.617	4.407	0.158	0.632	-1.577
NM_133217_9_-_1	3.203	2.743	3.024	1	1.001	1.646
NM_021422_9_+_1	2.697	2.725	1.193	3.428	3.628	3.472
NM_011992_9_+_1	6.333	6.212	5.954	5.776	5.363	5.536
NM_019793_9_-_1	8.537	8.19	8.034	7.005	7.031	7.14
NM_024245_9_-_1	5.091	5.368	5.112	4.174	4.428	4.588
NM_183316_9_+_1	7.012	7.169	7.105	5.772	6.029	5.9
NM_001025612_9_-_1	2.593	2.916	3.167	4.661	4.395	4.36
NM_010019_9_+_1	2.234	2.239	3.078	3.827	4.66	4.025
NM_001081242_9_-_1	0.398	-1.411	0.26	4.284	4.25	4.881
NM_007585_9_+_1	8.286	8.484	8.158	8.048	7.619	7.84
NM_009359_9_-_1	5.163	5.359	5.272	5.826	5.849	6.067
NR_040401_9_+_1	1.416	1.378	1.745	-4.912	-2.535	-1.956
NM_001081243_9_-_1	-4.912	-4.912	-4.912	-1.264	-1.385	-0.78
NM_022986_9_+_1	2.515	1.613	1.887	5.356	5.439	5.677
NM_001168240_9_+_1	-4.912	-4.912	1.093	1.95	2.384	3.578
NM_199195_9_+_1	2.857	2.781	-1.623	-4.851	-4.894	-2.133
NM_001305935_9_+_1	2.55	3.474	3.64	5.129	5.106	5.044
NM_024195_9_+_1	7.435	7.148	6.951	6.508	6.334	6.423
NR_040766_9_-_1	-1.916	-1.359	-0.327	-0.071	0.543	1.109
NM_023873_9_+_1	5.014	5.019	5.108	4.3	4.577	3.629
NR_028123_9_+_1	1.494	0.386	3.302	3.956	4.46	4.976
NM_001301689_9_-_1	7.292	7.159	6.98	4.787	4.989	5.164
NM_013649_9_+_1	-4.912	-4.912	-3.646	0.392	2.288	0.05
NM_173781_9_+_1	2.419	2.076	2.533	-0.133	-0.266	1.405
NM_027918_9_-_1	-4.912	-4.912	-4.912	1.605	1.382	1.143
NM_009082_9_+_1	8.616	8.765	8.819	5.399	5.564	6.088
NM_029631_9_+_1	3.028	2.709	2.736	-4.912	-4.912	-4.912
NM_145619_9_-_1	4.741	4.286	4.407	3.856	4.005	3.942
NM_001081654_9_-_1	3.658	3.85	3.665	4.872	4.598	4.243
NM_133984_9_-_1	3.227	2.839	2.837	3.919	4.231	3.942
NM_009153_9_-_1	-4.912	-4.912	-4.912	0.666	-3.934	0.441
NM_001012236_9_-_1	8.655	8.777	8.761	8.071	8.032	8.093
NM_017466_9_-_1	7.728	7.196	7.294	8.013	7.985	8.131
NM_009752_9_+_1	4.92	4.629	3.957	3.709	2.923	2.908
NM_175380_9_-_1	5.547	5.447	5.31	6.807	6.867	6.891
NM_001164567_9_+_1	3.923	4.334	4.907	-4.912	-4.912	-4.912
NM_011700_9_+_1	0.741	1.835	0.684	-4.912	-4.912	-4.912
NM_138606_X_+_1	2.487	2.309	3.457	4.757	4.671	4.406
NM_007807_X_-_1	8.011	7.83	7.754	5.965	5.8	5.317
NM_001081642_X_-_1	4.746	5.038	5.287	3.342	3.81	2.672
NM_181516_X_+_1	5.604	5.143	5.595	6.019	5.96	6.034
NM_001166453_X_-_1	1.308	2.044	2.338	-2.622	-1.055	0.078
NM_010110_X_+_1	1.85	1.613	-0.058	3.071	2.773	3.148
NM_001083110_X_-_1	4.66	4.044	3.847	5.36	5.009	5.004
NM_001301840_X_-_1	-0.284	-0.028	-0.565	-2.986	-2.535	-4.912
NM_009767_X_+_1	1.071	-0.4	0.803	3.875	3.361	4.05
NR_002844_X_+_1	6.551	6.868	7.268	8.435	8.718	9.026
NM_001190409_X_-_1	6.557	6.474	6.619	6.043	6.295	6.078
NM_025703_X_-_1	3.989	4.316	4.499	5.199	5.605	5.178
NM_178754_X_+_1	6.122	5.666	6.29	6.553	6.722	6.669
